78

111191,69991.19ι·199,6,9, . carmaniae, 17, 3, 8, 2, 2, 19
Furius: G. Furio Placido 999. (a. Germaniam 7, 19, 1, ·- Germani

503) 2, 24. . , 9,1, 9, 8, 2, 10,14,2; Germa·
691111, Gabios civitatem 1, 8, l. ,norum 9, 1, 1, 1, 9, Germanos 6,
69191191,10,2, (191911996,14,1; 11, 3, adversus Germanos 9, 1;

10, 11, 9, - · eontra Germanos 7, 12, 2, 8, 12,
Galba: Serv. 691119116 1 Galbam 2, 9, 15,-691191191911919191-

7, 17, 3; 6911191, 11, 1. 1119 10, 15, 1, 9 Germaniciania
691119 6, 11, 1, Galliae 6, 11, 3, 9, exercitibus 7, 17, 8. :

99, 9, 19, 6, 9, 19, 14, 1, Galliam 69199, 19, 9, Gelam 8, 19, 9. ·

6, 11, 6, 90111 Gallia 4, 25, 2, 6911119199 senior 9, 2, 1. 5

6, 19, 2, in (1911199, 16, 4, 29, 1, Gordianus (Augustus) 9, λ2, 1, 9, 2,

4, 27, 5, 7, 9; 8, 18, 4; 8, 23, 9, 2, Gordiano 9, 2, 2, 9, 3,

4, 9, 9, 1, 9, 9, 1, 9, 19, 9, 19, 61111691699119, 9, 19, 1, 19,

1; 9, 19, 1, 9, 19, 1, 9, ausa, 9,
23, 10, 13. - Galliarum 9, 91 33
19,19,1, Gallias 7, 3, 8; 9, 11,
1, 10, 1, l; 10, 10, 2, ad Gallias
10,9, 2, 10, 14, 1, 9619691199
(19111191012,2,11691111910,

3, 2, 19919119 (19111199, 8, 2. -
69111 (191112, 6, 3; 3, 6, adver-

, sum Gallum2, 6, 9, Galli (nom.
pl.) 1, 99, 9, 9, 9, 9, 9, 9, 9,9,
1, 2, Gallorum 2, 10, 9, 5, 9, 6,
4,99,9,1,1,9916919194,
22, 10, 1, 9, Gallos 9, 11, 2, ab
Gallis 7, 16, 1; 911191999(911191-
9991691199 2, 5, 2, 6, 2, contra
Gallus3, 6, 6116911192, 6, 2, 19
(1911196, 2, 1.

6911911999 9,6,1,9,11,1,(191
119999,11,1.

(lullus Caesar 19, 19, 09119919, 19,
23GfflM0le

691119 Η991111911119 9, 5, Gallus 9, 5.

Gentius 4, 6, 4, 4, 3, 4, Gentium
4, 6, 2, 4, 6, 4, contra (lentium
4, 9, 4.

Genucius: L. Genucio 999. (9. 389)
2, 4.

6911191111, ex Germania 7, 9; in

7, 1, per Gothos 9, 8, 2.
Graecia 5, 6, 1, 9, 6, 2, Graeciae

2m8ststassazlffldffl
13 apud reliquam Graeciam 2,
13, 9, 19 Graeciam 5, 1,-4, 6,19,
9, 6, 29, 8. - 6196916199,
10, 8, 3,(19111196196999 8, 119.
- 619999 sermone 8, 7, 2, eum
(11999999169119 19, 16, 9, 11119-
rarum Graecarum 8, 12, 1, Grae-
919 disciplinis 10, 1934196019
lwffll

Α91199 6111191996, 6, 1, Hadrianus

3, 11,2,Η9(1119996,6, 1, snb
divo Hadriano 8, 17. ’

1196111161 in Haemo monle 6, lo·
1199111991ι999919 Hamilcarem 2, 21‚1.
Hannibal 8, 6, 2, 9, 9, 9, 9, 11, 1,

9, 19, 1, 9, 19, 9, 9, 19, 9, 914,
1, 9, 11, 6, 9, 19, 1, 9, 19, 9, 9,
29, 1, 9, 99, 9, 4, 9, 9, 4, 4, 1,
4, 5, 2, 6, 1, 2, Η911111119119 8, 8,

,3, 3, 10, 3, 3, 11, 3, 3, 13, 3, 3,

15, 3, 3, 15, 5, 916, 13 3, 16, 2,,
3, 23, 2, 3, 1, 2, Hannibali& 7,
33 3, 8, 2, 3, 9, 1, 3, 9, 2, 3,·22,
2, Η99911191919 3, 10, 1, 3, 20, 5,
9, 92, 9, 4, 4, 9, Hannibale 8,

 

