80

4, 12, 23 6, 1, 2, 16, 1, 2, 16, 6, 1: 1, e, 1; caesari 6, 21, 6, an- 1

2;111116η,1,1,1,1,1,6;1ο,1, saue 1, 1, 1 euasero 6, 23, 2, ³

lflwstmmmstffimo mmmmmawstffm ’

uufflssfflmunffmea cmmmama ’

3, 8, 3, 3, 12, 1, 3,1,8,1, 5, 2, 11111118, Sex. Julius Caesar 661. (a.

1; 9, 3, θΧΙ1811312, 13, 1, extra 666) 5, 8, 1.

ltaliam 2, 18, 1, 11111111116111111 1111111161 6. 1111116 66161, 50512261. ·

2, 11, 1, 1111111118, 9, 2, 3, 14, 11111111111111111111111 4, 19, 1.

6, 3,16, 1, 3, 16, 4, 5, 3, 1, 5, 1111111181 Brutus 1, 3,1, 8111114,

1, 3, 6, 1, 2,’1, 3, 4, 1, 11, 3, 9, Brutum 1, 3, 2, 6611111Β11111111

111ΜΜ16611 uuaafflmma

1; 3, 20, 1, 4, 25, 2, 5, 1, 4, 9, 1111111111, 1,, 1111111Β11111 cos. (a

aammstffimuaaast‚ aaaaassmmaeau

1; 3, 6, 5, 4, per 11111111 6, 1, 10,1,1,10,9,Β1·111”1,11,4,6,

2, 8, 12, 2. - bellum 1111116111 25, Brutum 1, 11, 4.

quod idem sociale 5, 9, 2. 1111111111 1,.1111611116116161(6481)
1111161, Italicae (16611.) 8, 2,1, 8, 2,11.

6,1· 1111111111111116811111666616321 . .
11111111 Ituraeos 6, 14, 2. - ,16,

12226, 23, 2, 021217222223, 1· 11111111 a. launoio Silano cus. (1.
1111111111, 19, 3, ad Judaeum 6, 14, · 615) 4, 21, 5.
2,-111111111111116,14,2,6, 16. lum„ Jovi 1, 8, 1. ,
1661161118 4, 27, 6, «Iugurthae 4, 211, Juvenum: p· Juvenffium 4, 13·
¹3 4, 27141 7287272222 4, 271 3; 111111111οηί1, Lacedaemoniis 4, 2,
4, 27, 43 6, 11 211282722241 271 3, 6 Lacedaemoniis 2, 21, 4.

4, contra Jugorthom 5, 1, 1, de mnu„ 0· Laelio 003, (9,, 564) 4,
1661111161, 21, 6. -ρο1111616- · 4, 1.

riam 11,,1111111111111 5, 1, 3.

jun„ Juliam 8, 20, 1. 1111111111 vid. Valerius. .

lullanae: Salvius Julianus (iuris pe· [nmmum 202722 2222227222 5,
,11,,)611;161,11,11,,,1,,,,, 8, 1. -

11111616, 111161616111116 Τ· [11131 1, 16 ³· .
8, 18, 4, a Juliano 8, 18, 3. [221111 2, 6, 1, 2, 1, 1, contra Lao-

amumanumnffla mffiabffisswmffl&
num Caesarem 10, 14, 13 pe, 1161616, 8, 111111ο6611116116 8,

’611161111111111111 10, 14, 2. 7, 23 22811188 11129288 8, 12, l·-

'1161182 Vl 1111. 111. 1ο, 16,-2. [atine 1, 21, 1. . ,
11116, 6. Julius 6,,,6 o, 1,, 1, [1131110111111111116. 16, 1.
Ο. Caesar 1, 12, 2, Caesar 6, 19, Uburuae: Luburnas naves 2, 26, 1.
2, 6, 20, 1; 6, 20, 1, 6, 2ο, 1, 6, 21186112·
21, 33 6, 22, li 6, 22, 31 6, 23, 2, Libyssa: apud Libyssam 4, 5, 2.
6, 24; 6, 25, (16116111, 1, 1, 2, 11111111 (imp.) 16, 1, 1,.16, 6, 1,

 

